30.424960,-91.132011,145.1,6.833333333333334,8
30.424916,-91.131962,125.2,6.694444444444445,7
30.424890,-91.131891,102.7,7.166666666666667,8
30.424887,-91.131803,85.4,8.777777777777779,8
30.424902,-91.131689,82.9,10.13888888888889,11
30.424916,-91.131565,82.2,11.638888888888888,10
30.424932,-91.131430,81.8,13.138888888888888,8
30.424950,-91.131283,82.1,14.249999999999998,7
30.424974,-91.131125,83.2,15.25,8
30.424991,-91.130966,87.0,14.666666666666666,7
30.425007,-91.130804,82.7,15.666666666666666,8
30.425028,-91.130633,82.2,16.583333333333332,9
30.425049,-91.130455,83.4,17.11111111111111,8
30.425066,-91.130271,85.7,17.77777777777778,7
30.425074,-91.130081,88.2,18.333333333333332,7
30.425076,-91.129887,90.8,18.52777777777778,10
30.425069,-91.129688,93.8,19.27777777777778,8
30.425051,-91.129488,96.8,19.63888888888889,7
30.425024,-91.129285,101.2,20.166666666666664,10
30.424981,-91.129080,105.6,20.694444444444443,11
30.424925,-91.128875,108.7,21.166666666666668,9
30.424859,-91.128668,109.7,21.47222222222222,10
30.424791,-91.128459,109.2,21.666666666666668,9
30.424725,-91.128248,108.5,21.88888888888889,9
30.424661,-91.128033,108.1,22.055555555555557,9
30.424594,-91.127819,109.1,22.027777777777775,9
30.424530,-91.127605,108.3,21.75,9
30.424474,-91.127388,106.6,22.0,10
30.424426,-91.127167,103.7,22.083333333333332,8
30.424389,-91.126943,101.1,22.27777777777778,9
30.424361,-91.126715,98.4,22.333333333333336,8
30.424342,-91.126486,96.3,22.22222222222222,7
30.424335,-91.126257,90.9,21.916666666666668,7
30.424334,-91.126023,90.7,22.444444444444443,8
30.424339,-91.125787,87.9,22.61111111111111,10
30.424351,-91.125549,86.0,22.72222222222222,10
30.424368,-91.125309,84.6,22.833333333333332,9
30.424393,-91.125067,82.8,23.194444444444443,8
30.424422,-91.124826,81.1,23.277777777777775,9
30.424459,-91.124585,79.3,23.416666666666664,8
30.424502,-91.124347,77.4,23.444444444444446,10
30.424551,-91.124110,75.6,23.499999999999996,8
30.424608,-91.123874,73.8,23.583333333333336,6
30.424670,-91.123640,72.1,23.583333333333336,7
30.424739,-91.123408,70.5,23.499999999999996,8
30.424814,-91.123179,68.5,23.694444444444443,9
30.424897,-91.122954,65.9,23.38888888888889,8
30.424983,-91.122732,65.5,23.38888888888889,8
30.425075,-91.122515,63.0,23.02777777777778,9
30.425172,-91.122306,60.5,22.86111111111111,9
30.425275,-91.122101,58.6,22.88888888888889,6
30.425387,-91.121899,56.4,23.0,6
30.425504,-91.121704,53.1,22.694444444444446,6
30.425631,-91.121522,48.4,22.555555555555557,8
30.425766,-91.121352,45.4,22.166666666666664,9
30.425907,-91.121193,42.7,21.916666666666668,8
30.426054,-91.121043,39.6,21.88888888888889,8
30.426210,-91.120902,36.5,22.194444444444446,8
30.426373,-91.120768,35.0,22.27777777777778,7
30.426538,-91.120635,35.2,22.388888888888886,7
30.426703,-91.120502,35.3,22.055555555555557,7
30.426866,-91.120367,36.4,21.944444444444443,7
30.427022,-91.120225,40.5,21.86111111111111,8
30.427172,-91.120072,42.6,21.916666666666668,8
30.427317,-91.119909,46.2,22.11111111111111,9
30.427453,-91.119733,49.4,22.5,7
30.427581,-91.119545,53.3,22.583333333333332,6
30.427699,-91.119346,56.5,23.11111111111111,7
30.427812,-91.119141,57.0,23.055555555555554,5
30.427924,-91.118934,57.5,23.666666666666668,5
30.428039,-91.118728,56.4,23.52777777777778,8
30.428157,-91.118525,55.5,23.75,8
30.428279,-91.118320,55.3,23.916666666666664,9
30.428402,-91.118115,54.8,24.11111111111111,9
30.428526,-91.117910,55.1,23.97222222222222,7
30.428650,-91.117706,55.0,24.083333333333332,10
30.428775,-91.117501,54.7,24.02777777777778,10
30.428901,-91.117296,54.8,24.194444444444443,10
30.429026,-91.117088,55.2,24.22222222222222,10
30.429151,-91.116878,55.2,24.5,10
30.429278,-91.116669,54.7,24.416666666666668,10
30.429406,-91.116461,54.5,24.25,10
30.429533,-91.116254,54.8,24.305555555555554,11
30.429659,-91.116047,55.1,24.11111111111111,10
30.429782,-91.115842,55.7,23.52777777777778,7
30.429899,-91.115638,56.6,23.22222222222222,7
30.430009,-91.115431,59.5,23.02777777777778,9
30.430107,-91.115220,62.4,22.75,7
30.430197,-91.115006,64.5,23.0,10
30.430278,-91.114787,67.5,22.833333333333332,9
30.430353,-91.114565,69.6,22.944444444444443,8
30.430419,-91.114338,72.3,22.88888888888889,8
30.430475,-91.114108,75.2,22.916666666666668,10
30.430521,-91.113875,77.1,23.083333333333332,10
30.430561,-91.113639,79.3,22.77777777777778,9
30.430595,-91.113403,80.5,22.805555555555554,8
30.430623,-91.113168,83.3,22.583333333333332,7
30.430641,-91.112935,85.3,22.333333333333336,7
30.430653,-91.112707,87.3,22.0,7
30.430659,-91.112485,90.0,21.47222222222222,8
30.430656,-91.112265,92.2,21.305555555555557,9
30.430651,-91.112045,92.3,21.36111111111111,8
30.430645,-91.111825,91.9,21.277777777777775,7
30.430637,-91.111391,91.4,20.944444444444446,9
30.430634,-91.111173,91.4,21.138888888888886,10
30.430630,-91.110963,91.5,20.027777777777775,8
30.430628,-91.110762,90.9,19.527777777777775,7
30.430630,-91.110566,88.4,19.13888888888889,7
30.430641,-91.110373,84.0,18.416666666666664,7
30.430664,-91.110196,81.6,16.75,7
30.430693,-91.110033,78.3,15.694444444444445,8
30.430720,-91.109883,80.3,13.944444444444445,9
30.430742,-91.109753,80.2,11.555555555555555,8
30.430756,-91.109646,82.8,9.305555555555555,8
30.430767,-91.109563,80.9,6.777777777777777,8
30.430774,-91.109509,79.6,4.111111111111112,9
30.430773,-91.109484,84.5,1.5833333333333333,10
30.430768,-91.109479,33.5,0.1388888888888889,8
30.430763,-91.109484,341.3,0.5833333333333334,8
30.430765,-91.109490,339.3,0.0,5
30.430770,-91.109481,21.9,1.9166666666666667,7
30.430776,-91.109455,47.8,3.75,8
30.430786,-91.109408,71.1,5.305555555555556,7
30.430805,-91.109350,62.4,6.333333333333333,7
30.430837,-91.109296,41.9,6.472222222222222,8
30.430888,-91.109262,19.4,7.277777777777778,8
30.430952,-91.109255,355.3,7.972222222222221,8
30.431030,-91.109293,330.0,10.083333333333332,8
30.431106,-91.109357,322.2,10.444444444444445,8